
Summary Statistics of Survey Data
=========================================
Statistic  N   Mean  St. Dev. Min   Max  
-----------------------------------------
ID        220 111.50  63.65    2    221  
fill_time 220 13.29   37.86   1.37 471.43
PEoU1     220  5.59    1.24    1     7   
PEoU2     220  4.36    1.56    1     7   
PEoU3     220  5.52    1.19    2     7   
PU1       220  5.55    1.42    1     7   
PU2       220  2.85    1.53    1     7   
PU3       220  4.46    1.78    1     7   
PU4       220  5.39    1.56    1     7   
ATU1      220  4.48    1.81    1     7   
ATU2      220  3.30    1.85    1     7   
ATU3      220  4.09    1.78    1     7   
ATU4      220  4.60    1.72    1     7   
E1        220  3.97    1.63    1     7   
E2        220  3.56    1.78    1     7   
E4        220  3.46    1.80    1     7   
T1        220  3.76    1.24    1     7   
T2        220  3.30    1.39    1     7   
T3        220  3.55    1.32    1     7   
T4        220  4.00    1.52    1     7   
SN1       220  3.20    1.55    1     7   
SN3       220  4.05    1.49    1     7   
AU1       220  4.58    1.74    1     7   
AU2       220  4.68    1.67    1     7   
AU3       220  5.15    1.56    1     7   
AU4       220  3.38    1.80    1     7   
-----------------------------------------
